######################################################################
#   Database SPECTF Heart: 
######################################################################
   Aceito:      | Suporta:      | Indeciso:     | Ranking: 
  1     0     |     1     0     |     1     0     |     1     8     |  
   2     1     |     2     1     |     2     0     |     2     1     |  
   3     1     |     3     1     |     3     0     |     3     1     |  
   4     1     |     4     1     |     4     0     |     4     1     |  
   5     1     |     5     1     |     5     0     |     5     1     |  
   6     1     |     6     1     |     6     0     |     6     1     |  
   7     0     |     7     0     |     7     0     |     7     10     |  
   8     1     |     8     1     |     8     0     |     8     1     |  
   9     0     |     9     0     |     9     1     |     9     2     |  
   10     1     |     10     1     |     10     0     |     10     1     |  
   11     0     |     11     0     |     11     0     |     11     13     |  
   12     1     |     12     1     |     12     0     |     12     1     |  
   13     0     |     13     0     |     13     0     |     13     5     |  
   14     1     |     14     1     |     14     0     |     14     1     |  
   15     1     |     15     1     |     15     0     |     15     1     |  
   16     1     |     16     1     |     16     0     |     16     1     |  
   17     0     |     17     0     |     17     0     |     17     10     |  
   18     0     |     18     0     |     18     0     |     18     5     |  
   19     0     |     19     0     |     19     0     |     19     15     |  
   20     0     |     20     0     |     20     0     |     20     3     |  
   21     0     |     21     0     |     21     0     |     21     13     |  
   22     1     |     22     1     |     22     0     |     22     1     |  
   23     1     |     23     1     |     23     0     |     23     1     |  
   24     1     |     24     1     |     24     0     |     24     1     |  
   25     1     |     25     1     |     25     0     |     25     1     |  
   26     1     |     26     1     |     26     0     |     26     1     |  
   27     0     |     27     0     |     27     0     |     27     5     |  
   28     1     |     28     1     |     28     0     |     28     1     |  
   29     1     |     29     1     |     29     0     |     29     1     |  
   30     1     |     30     1     |     30     0     |     30     1     |  
   31     0     |     31     0     |     31     0     |     31     5     |  
   32     1     |     32     1     |     32     0     |     32     1     |  
   33     1     |     33     1     |     33     0     |     33     1     |  
   34     1     |     34     1     |     34     0     |     34     1     |  
   35     0     |     35     0     |     35     0     |     35     12     |  
   36     0     |     36     0     |     36     1     |     36     2     |  
   37     0     |     37     0     |     37     0     |     37     10     |  
   38     1     |     38     1     |     38     0     |     38     1     |  
   39     1     |     39     1     |     39     0     |     39     1     |  
   40     1     |     40     1     |     40     0     |     40     1     |  
   41     1     |     41     1     |     41     0     |     41     1     |  
   42     1     |     42     1     |     42     0     |     42     1     |  
   43     1     |     43     1     |     43     0     |     43     1     |  
   44     1     |     44     1     |     44     0     |     44     1     |  
######################################################################

######################################################################
#   tipo de dados: Cross Validation com uso do boruta: 
######################################################################

 Acuracia:   0.8094017094017094
 F1:         0.8868553167778843
 Precision:  0.8375891298717386
 Recall:     0.9476190476190475
 ROC_AUC:    0.8473520923520923
 AUPR:       0.8348992995732127
 RMSE:       0.4272872230498542

######################################################################

######################################################################
#   tipo de dados: Cross Validation sem uso do boruta: 
######################################################################

 Acuracia:   0.8131054131054132
 F1:         0.8875625030835466
 Precision:  0.8471615081896411
 Recall:     0.9383116883116884
 ROC_AUC:    0.8417171717171718
 AUPR:       0.8423335352721543
 RMSE:       0.42876294288969535

######################################################################

######################################################################
#   tipo de dados: Predição com uso do boruta: 
######################################################################

 Acuracia:   0.8571428571428571
 F1:         0.9103448275862068
 Precision:  0.9166666666666666
 Recall:     0.9041095890410958
 ROC_AUC:    0.7853881278538815
 AUPR:       0.9056902002107481
 RMSE:       0.3779644730092272

######################################################################

######################################################################
#   tipo de dados: Predição sem uso do boruta: 
######################################################################

 Acuracia:   0.8395061728395061
 F1:         0.8976377952755905
 Precision:  0.9344262295081968
 Recall:     0.8636363636363636
 ROC_AUC:    0.7984848484848486
 AUPR:       0.9181155820500082
 RMSE:       0.40061680838488767

######################################################################

