######################################################################
#   Database HCC: 
######################################################################
   Aceito:      | Suporta:      | Indeciso:     | Ranking: 
  1     0     |     1     0     |     1     0     |     1     26     |  
   2     1     |     2     1     |     2     0     |     2     1     |  
   3     0     |     3     0     |     3     0     |     3     30     |  
   4     0     |     4     0     |     4     0     |     4     18     |  
   5     0     |     5     0     |     5     0     |     5     23     |  
   6     0     |     6     0     |     6     0     |     6     20     |  
   7     0     |     7     0     |     7     0     |     7     19     |  
   8     0     |     8     0     |     8     0     |     8     33     |  
   9     0     |     9     0     |     9     0     |     9     15     |  
   10     0     |     10     0     |     10     0     |     10     16     |  
   11     0     |     11     0     |     11     0     |     11     32     |  
   12     0     |     12     0     |     12     0     |     12     34     |  
   13     0     |     13     0     |     13     0     |     13     11     |  
   14     0     |     14     0     |     14     0     |     14     30     |  
   15     0     |     15     0     |     15     0     |     15     26     |  
   16     0     |     16     0     |     16     0     |     16     30     |  
   17     0     |     17     0     |     17     0     |     17     28     |  
   18     0     |     18     0     |     18     0     |     18     17     |  
   19     0     |     19     0     |     19     0     |     19     23     |  
   20     0     |     20     0     |     20     0     |     20     21     |  
   21     0     |     21     0     |     21     0     |     21     14     |  
   22     0     |     22     0     |     22     0     |     22     9     |  
   23     0     |     23     0     |     23     0     |     23     25     |  
   24     1     |     24     1     |     24     0     |     24     1     |  
   25     0     |     25     0     |     25     0     |     25     10     |  
   26     0     |     26     0     |     26     0     |     26     11     |  
   27     1     |     27     1     |     27     0     |     27     1     |  
   28     0     |     28     0     |     28     0     |     28     21     |  
   29     0     |     29     0     |     29     0     |     29     6     |  
   30     1     |     30     1     |     30     0     |     30     1     |  
   31     1     |     31     1     |     31     0     |     31     1     |  
   32     1     |     32     1     |     32     0     |     32     1     |  
   33     1     |     33     1     |     33     0     |     33     1     |  
   34     1     |     34     1     |     34     0     |     34     1     |  
   35     1     |     35     1     |     35     0     |     35     1     |  
   36     1     |     36     1     |     36     0     |     36     1     |  
   37     1     |     37     1     |     37     0     |     37     1     |  
   38     0     |     38     0     |     38     0     |     38     5     |  
   39     1     |     39     1     |     39     0     |     39     1     |  
   40     1     |     40     1     |     40     0     |     40     1     |  
   41     1     |     41     1     |     41     0     |     41     1     |  
   42     0     |     42     0     |     42     0     |     42     4     |  
   43     0     |     43     0     |     43     0     |     43     2     |  
   44     0     |     44     0     |     44     0     |     44     13     |  
   45     1     |     45     1     |     45     0     |     45     1     |  
   46     0     |     46     0     |     46     0     |     46     3     |  
   47     0     |     47     0     |     47     0     |     47     6     |  
   48     0     |     48     0     |     48     0     |     48     8     |  
   49     1     |     49     1     |     49     0     |     49     1     |  
######################################################################

######################################################################
#   tipo de dados: Cross Validation com uso do boruta: 
######################################################################

 Acuracia:   0.6922794117647059
 F1:         0.7650099557193379
 Precision:  0.7236480186480188
 Recall:     0.8154545454545457
 ROC_AUC:    0.7624242424242424
 AUPR:       0.7098708693267517
 RMSE:       0.5457504623122669

######################################################################

######################################################################
#   tipo de dados: Cross Validation sem uso do boruta: 
######################################################################

 Acuracia:   0.7047794117647059
 F1:         0.7743511941910113
 Precision:  0.733006993006993
 Recall:     0.8254545454545454
 ROC_AUC:    0.7757467532467534
 AUPR:       0.7206966269025094
 RMSE:       0.5300721186412464

######################################################################

######################################################################
#   tipo de dados: Predição com uso do boruta: 
######################################################################

 Acuracia:   0.7454545454545455
 F1:         0.8055555555555555
 Precision:  0.7631578947368421
 Recall:     0.8529411764705882
 ROC_AUC:    0.7121848739495799
 AUPR:       0.7418378834787503
 RMSE:       0.504524979109513

######################################################################

######################################################################
#   tipo de dados: Predição sem uso do boruta: 
######################################################################

 Acuracia:   0.78
 F1:         0.8405797101449275
 Precision:  0.7435897435897436
 Recall:     0.9666666666666667
 ROC_AUC:    0.7333333333333334
 AUPR:       0.7388034188034188
 RMSE:       0.469041575982343

######################################################################

