######################################################################
#   Database SPECTF Heart: 
######################################################################
   Aceito:      | Suporta:      | Indeciso:     | Ranking: 
  1     0     |     1     0     |     1     0     |     1     13     |  
   2     1     |     2     1     |     2     0     |     2     1     |  
   3     0     |     3     0     |     3     0     |     3     7     |  
   4     1     |     4     1     |     4     0     |     4     1     |  
   5     1     |     5     1     |     5     0     |     5     1     |  
   6     1     |     6     1     |     6     0     |     6     1     |  
   7     0     |     7     0     |     7     0     |     7     18     |  
   8     0     |     8     0     |     8     0     |     8     6     |  
   9     0     |     9     0     |     9     0     |     9     12     |  
   10     1     |     10     1     |     10     0     |     10     1     |  
   11     0     |     11     0     |     11     0     |     11     21     |  
   12     0     |     12     0     |     12     0     |     12     9     |  
   13     0     |     13     0     |     13     0     |     13     9     |  
   14     1     |     14     1     |     14     0     |     14     1     |  
   15     1     |     15     1     |     15     0     |     15     1     |  
   16     0     |     16     0     |     16     1     |     16     2     |  
   17     0     |     17     0     |     17     0     |     17     20     |  
   18     0     |     18     0     |     18     0     |     18     11     |  
   19     0     |     19     0     |     19     0     |     19     14     |  
   20     0     |     20     0     |     20     0     |     20     8     |  
   21     0     |     21     0     |     21     0     |     21     22     |  
   22     1     |     22     1     |     22     0     |     22     1     |  
   23     0     |     23     0     |     23     0     |     23     3     |  
   24     0     |     24     0     |     24     0     |     24     3     |  
   25     1     |     25     1     |     25     0     |     25     1     |  
   26     1     |     26     1     |     26     0     |     26     1     |  
   27     0     |     27     0     |     27     0     |     27     16     |  
   28     0     |     28     0     |     28     0     |     28     3     |  
   29     0     |     29     0     |     29     1     |     29     2     |  
   30     1     |     30     1     |     30     0     |     30     1     |  
   31     0     |     31     0     |     31     0     |     31     17     |  
   32     1     |     32     1     |     32     0     |     32     1     |  
   33     0     |     33     0     |     33     0     |     33     5     |  
   34     1     |     34     1     |     34     0     |     34     1     |  
   35     0     |     35     0     |     35     0     |     35     23     |  
   36     0     |     36     0     |     36     0     |     36     14     |  
   37     0     |     37     0     |     37     0     |     37     19     |  
   38     1     |     38     1     |     38     0     |     38     1     |  
   39     1     |     39     1     |     39     0     |     39     1     |  
   40     1     |     40     1     |     40     0     |     40     1     |  
   41     1     |     41     1     |     41     0     |     41     1     |  
   42     1     |     42     1     |     42     0     |     42     1     |  
   43     1     |     43     1     |     43     0     |     43     1     |  
   44     1     |     44     1     |     44     0     |     44     1     |  
######################################################################

######################################################################
#   tipo de dados: Cross Validation com uso do boruta: 
######################################################################

 Acuracia:   0.8205128205128205
 F1:         0.8922846122520735
 Precision:  0.8492854224341638
 Recall:     0.9430735930735932
 ROC_AUC:    0.8576334776334775
 AUPR:       0.8470793130083749
 RMSE:       0.4124682520475938

######################################################################

######################################################################
#   tipo de dados: Cross Validation sem uso do boruta: 
######################################################################

 Acuracia:   0.8166666666666667
 F1:         0.891098617931454
 Precision:  0.840154357042229
 Recall:     0.9523809523809523
 ROC_AUC:    0.8383477633477634
 AUPR:       0.838680579696598
 RMSE:       0.41785059461588403

######################################################################

######################################################################
#   tipo de dados: Predição com uso do boruta: 
######################################################################

 Acuracia:   0.8791208791208791
 F1:         0.923076923076923
 Precision:  0.9428571428571428
 Recall:     0.9041095890410958
 ROC_AUC:    0.8409436834094368
 AUPR:       0.9293692608761102
 RMSE:       0.3476767476825577

######################################################################

######################################################################
#   tipo de dados: Predição sem uso do boruta: 
######################################################################

 Acuracia:   0.8395061728395061
 F1:         0.896
 Precision:  0.9491525423728814
 Recall:     0.8484848484848485
 ROC_AUC:    0.8242424242424243
 AUPR:       0.9287983412277198
 RMSE:       0.40061680838488767

######################################################################

