######################################################################
#   Database HCC: 
######################################################################
   Aceito:      | Suporta:      | Indeciso:     | Ranking: 
  1     0     |     1     0     |     1     0     |     1     36     |  
   2     1     |     2     1     |     2     0     |     2     1     |  
   3     0     |     3     0     |     3     0     |     3     32     |  
   4     0     |     4     0     |     4     0     |     4     26     |  
   5     0     |     5     0     |     5     0     |     5     29     |  
   6     0     |     6     0     |     6     0     |     6     21     |  
   7     0     |     7     0     |     7     0     |     7     18     |  
   8     0     |     8     0     |     8     0     |     8     35     |  
   9     0     |     9     0     |     9     0     |     9     19     |  
   10     0     |     10     0     |     10     0     |     10     20     |  
   11     0     |     11     0     |     11     0     |     11     23     |  
   12     0     |     12     0     |     12     0     |     12     33     |  
   13     0     |     13     0     |     13     0     |     13     11     |  
   14     0     |     14     0     |     14     0     |     14     28     |  
   15     0     |     15     0     |     15     0     |     15     31     |  
   16     0     |     16     0     |     16     0     |     16     23     |  
   17     0     |     17     0     |     17     0     |     17     26     |  
   18     0     |     18     0     |     18     0     |     18     16     |  
   19     0     |     19     0     |     19     0     |     19     29     |  
   20     0     |     20     0     |     20     0     |     20     26     |  
   21     0     |     21     0     |     21     0     |     21     15     |  
   22     0     |     22     0     |     22     0     |     22     13     |  
   23     0     |     23     0     |     23     0     |     23     33     |  
   24     1     |     24     1     |     24     0     |     24     1     |  
   25     0     |     25     0     |     25     0     |     25     12     |  
   26     0     |     26     0     |     26     0     |     26     14     |  
   27     1     |     27     1     |     27     0     |     27     1     |  
   28     0     |     28     0     |     28     0     |     28     22     |  
   29     0     |     29     0     |     29     0     |     29     10     |  
   30     1     |     30     1     |     30     0     |     30     1     |  
   31     1     |     31     1     |     31     0     |     31     1     |  
   32     1     |     32     1     |     32     0     |     32     1     |  
   33     1     |     33     1     |     33     0     |     33     1     |  
   34     0     |     34     0     |     34     0     |     34     3     |  
   35     1     |     35     1     |     35     0     |     35     1     |  
   36     1     |     36     1     |     36     0     |     36     1     |  
   37     0     |     37     0     |     37     0     |     37     2     |  
   38     0     |     38     0     |     38     0     |     38     8     |  
   39     1     |     39     1     |     39     0     |     39     1     |  
   40     1     |     40     1     |     40     0     |     40     1     |  
   41     1     |     41     1     |     41     0     |     41     1     |  
   42     0     |     42     0     |     42     0     |     42     6     |  
   43     0     |     43     0     |     43     0     |     43     4     |  
   44     0     |     44     0     |     44     0     |     44     17     |  
   45     1     |     45     1     |     45     0     |     45     1     |  
   46     0     |     46     0     |     46     0     |     46     4     |  
   47     0     |     47     0     |     47     0     |     47     6     |  
   48     0     |     48     0     |     48     0     |     48     9     |  
   49     1     |     49     1     |     49     0     |     49     1     |  
######################################################################

######################################################################
#   tipo de dados: Cross Validation com uso do boruta: 
######################################################################

 Acuracia:   0.7283088235294117
 F1:         0.793474100270439
 Precision:  0.7451282051282051
 Recall:     0.8536363636363637
 ROC_AUC:    0.7875324675324676
 AUPR:       0.7316213149595503
 RMSE:       0.5109965883399081

######################################################################

######################################################################
#   tipo de dados: Cross Validation sem uso do boruta: 
######################################################################

 Acuracia:   0.6922794117647059
 F1:         0.7626468840084402
 Precision:  0.7293906093906094
 Recall:     0.8063636363636364
 ROC_AUC:    0.7738311688311689
 AUPR:       0.7136922680706104
 RMSE:       0.5447255329147278

######################################################################

######################################################################
#   tipo de dados: Predição com uso do boruta: 
######################################################################

 Acuracia:   0.7636363636363637
 F1:         0.8266666666666665
 Precision:  0.7560975609756098
 Recall:     0.9117647058823529
 ROC_AUC:    0.7177871148459384
 AUPR:       0.7439285248467458
 RMSE:       0.4861724348043977

######################################################################

######################################################################
#   tipo de dados: Predição sem uso do boruta: 
######################################################################

 Acuracia:   0.74
 F1:         0.8115942028985509
 Precision:  0.717948717948718
 Recall:     0.9333333333333333
 ROC_AUC:    0.6916666666666667
 AUPR:       0.7100854700854702
 RMSE:       0.5099019513592785

######################################################################

