######################################################################
#   Database SPECTF Heart: 
######################################################################
   Aceito:      | Suporta:      | Indeciso:     | Ranking: 
  1     0     |     1     0     |     1     0     |     1     15     |  
   2     0     |     2     0     |     2     1     |     2     2     |  
   3     0     |     3     0     |     3     0     |     3     5     |  
   4     1     |     4     1     |     4     0     |     4     1     |  
   5     1     |     5     1     |     5     0     |     5     1     |  
   6     1     |     6     1     |     6     0     |     6     1     |  
   7     0     |     7     0     |     7     0     |     7     19     |  
   8     0     |     8     0     |     8     0     |     8     14     |  
   9     0     |     9     0     |     9     0     |     9     16     |  
   10     0     |     10     0     |     10     1     |     10     2     |  
   11     0     |     11     0     |     11     0     |     11     23     |  
   12     0     |     12     0     |     12     0     |     12     8     |  
   13     0     |     13     0     |     13     0     |     13     11     |  
   14     1     |     14     1     |     14     0     |     14     1     |  
   15     0     |     15     0     |     15     0     |     15     3     |  
   16     0     |     16     0     |     16     0     |     16     3     |  
   17     0     |     17     0     |     17     0     |     17     21     |  
   18     0     |     18     0     |     18     0     |     18     14     |  
   19     0     |     19     0     |     19     0     |     19     22     |  
   20     0     |     20     0     |     20     0     |     20     12     |  
   21     0     |     21     0     |     21     0     |     21     25     |  
   22     1     |     22     1     |     22     0     |     22     1     |  
   23     0     |     23     0     |     23     0     |     23     4     |  
   24     0     |     24     0     |     24     0     |     24     8     |  
   25     1     |     25     1     |     25     0     |     25     1     |  
   26     1     |     26     1     |     26     0     |     26     1     |  
   27     0     |     27     0     |     27     0     |     27     11     |  
   28     0     |     28     0     |     28     0     |     28     6     |  
   29     0     |     29     0     |     29     1     |     29     2     |  
   30     1     |     30     1     |     30     0     |     30     1     |  
   31     0     |     31     0     |     31     0     |     31     17     |  
   32     1     |     32     1     |     32     0     |     32     1     |  
   33     0     |     33     0     |     33     0     |     33     8     |  
   34     1     |     34     1     |     34     0     |     34     1     |  
   35     0     |     35     0     |     35     0     |     35     24     |  
   36     0     |     36     0     |     36     0     |     36     20     |  
   37     0     |     37     0     |     37     0     |     37     18     |  
   38     1     |     38     1     |     38     0     |     38     1     |  
   39     1     |     39     1     |     39     0     |     39     1     |  
   40     1     |     40     1     |     40     0     |     40     1     |  
   41     1     |     41     1     |     41     0     |     41     1     |  
   42     1     |     42     1     |     42     0     |     42     1     |  
   43     1     |     43     1     |     43     0     |     43     1     |  
   44     1     |     44     1     |     44     0     |     44     1     |  
######################################################################

######################################################################
#   tipo de dados: Cross Validation com uso do boruta: 
######################################################################

 Acuracia:   0.8468660968660968
 F1:         0.9074832209134535
 Precision:  0.8729060127515504
 Recall:     0.9478354978354979
 ROC_AUC:    0.850988455988456
 AUPR:       0.8694066780083454
 RMSE:       0.37887947797200827

######################################################################

######################################################################
#   tipo de dados: Cross Validation sem uso do boruta: 
######################################################################

 Acuracia:   0.8205128205128205
 F1:         0.8941238606556242
 Precision:  0.8413221408221407
 Recall:     0.9573593073593074
 ROC_AUC:    0.8414213564213563
 AUPR:       0.8392366178794749
 RMSE:       0.4184942882708319

######################################################################

######################################################################
#   tipo de dados: Predição com uso do boruta: 
######################################################################

 Acuracia:   0.8571428571428571
 F1:         0.9090909090909091
 Precision:  0.9285714285714286
 Recall:     0.8904109589041096
 ROC_AUC:    0.806316590563166
 AUPR:       0.9147222640373326
 RMSE:       0.3779644730092272

######################################################################

######################################################################
#   tipo de dados: Predição sem uso do boruta: 
######################################################################

 Acuracia:   0.8395061728395061
 F1:         0.8992248062015504
 Precision:  0.9206349206349206
 Recall:     0.8787878787878788
 ROC_AUC:    0.7727272727272729
 AUPR:       0.9078082411415744
 RMSE:       0.40061680838488767

######################################################################

