######################################################################
#   Database HCC: 
######################################################################
   Aceito:      | Suporta:      | Indeciso:     | Ranking: 
  1     0     |     1     0     |     1     0     |     1     39     |  
   2     0     |     2     0     |     2     0     |     2     2     |  
   3     0     |     3     0     |     3     0     |     3     37     |  
   4     0     |     4     0     |     4     0     |     4     26     |  
   5     0     |     5     0     |     5     0     |     5     30     |  
   6     0     |     6     0     |     6     0     |     6     26     |  
   7     0     |     7     0     |     7     0     |     7     24     |  
   8     0     |     8     0     |     8     0     |     8     40     |  
   9     0     |     9     0     |     9     0     |     9     22     |  
   10     0     |     10     0     |     10     0     |     10     24     |  
   11     0     |     11     0     |     11     0     |     11     33     |  
   12     0     |     12     0     |     12     0     |     12     38     |  
   13     0     |     13     0     |     13     0     |     13     18     |  
   14     0     |     14     0     |     14     0     |     14     33     |  
   15     0     |     15     0     |     15     0     |     15     34     |  
   16     0     |     16     0     |     16     0     |     16     37     |  
   17     0     |     17     0     |     17     0     |     17     29     |  
   18     0     |     18     0     |     18     0     |     18     21     |  
   19     0     |     19     0     |     19     0     |     19     31     |  
   20     0     |     20     0     |     20     0     |     20     27     |  
   21     0     |     21     0     |     21     0     |     21     19     |  
   22     0     |     22     0     |     22     0     |     22     14     |  
   23     0     |     23     0     |     23     0     |     23     35     |  
   24     1     |     24     1     |     24     0     |     24     1     |  
   25     0     |     25     0     |     25     0     |     25     16     |  
   26     0     |     26     0     |     26     0     |     26     17     |  
   27     1     |     27     1     |     27     0     |     27     1     |  
   28     0     |     28     0     |     28     0     |     28     29     |  
   29     0     |     29     0     |     29     0     |     29     15     |  
   30     0     |     30     0     |     30     0     |     30     6     |  
   31     1     |     31     1     |     31     0     |     31     1     |  
   32     1     |     32     1     |     32     0     |     32     1     |  
   33     0     |     33     0     |     33     0     |     33     3     |  
   34     0     |     34     0     |     34     0     |     34     8     |  
   35     0     |     35     0     |     35     0     |     35     2     |  
   36     1     |     36     1     |     36     0     |     36     1     |  
   37     0     |     37     0     |     37     0     |     37     5     |  
   38     0     |     38     0     |     38     0     |     38     11     |  
   39     1     |     39     1     |     39     0     |     39     1     |  
   40     1     |     40     1     |     40     0     |     40     1     |  
   41     1     |     41     1     |     41     0     |     41     1     |  
   42     0     |     42     0     |     42     0     |     42     13     |  
   43     0     |     43     0     |     43     0     |     43     9     |  
   44     0     |     44     0     |     44     0     |     44     20     |  
   45     0     |     45     0     |     45     0     |     45     5     |  
   46     0     |     46     0     |     46     0     |     46     8     |  
   47     0     |     47     0     |     47     0     |     47     10     |  
   48     0     |     48     0     |     48     0     |     48     12     |  
   49     1     |     49     1     |     49     0     |     49     1     |  
######################################################################

######################################################################
#   tipo de dados: Cross Validation com uso do boruta: 
######################################################################

 Acuracia:   0.7051470588235293
 F1:         0.7616343928875899
 Precision:  0.7383083583083584
 Recall:     0.7945454545454547
 ROC_AUC:    0.7768398268398269
 AUPR:       0.7231381034295473
 RMSE:       0.5335887341661977

######################################################################

######################################################################
#   tipo de dados: Cross Validation sem uso do boruta: 
######################################################################

 Acuracia:   0.6926470588235294
 F1:         0.7663833992094862
 Precision:  0.7260722610722611
 Recall:     0.8154545454545457
 ROC_AUC:    0.7519372294372294
 AUPR:       0.7122082289368388
 RMSE:       0.5432783242712594

######################################################################

######################################################################
#   tipo de dados: Predição com uso do boruta: 
######################################################################

 Acuracia:   0.7090909090909091
 F1:         0.7999999999999999
 Precision:  0.6956521739130435
 Recall:     0.9411764705882353
 ROC_AUC:    0.6372549019607843
 AUPR:       0.6910950941641478
 RMSE:       0.5393598899705937

######################################################################

######################################################################
#   tipo de dados: Predição sem uso do boruta: 
######################################################################

 Acuracia:   0.8
 F1:         0.8484848484848485
 Precision:  0.7777777777777778
 Recall:     0.9333333333333333
 ROC_AUC:    0.7666666666666666
 AUPR:       0.765925925925926
 RMSE:       0.4472135954999579

######################################################################

