######################################################################
#   Database SPECTF Heart: 
######################################################################
   Aceito:      | Suporta:      | Indeciso:     | Ranking: 
  1     0     |     1     0     |     1     0     |     1     21     |  
   2     0     |     2     0     |     2     0     |     2     6     |  
   3     0     |     3     0     |     3     0     |     3     14     |  
   4     1     |     4     1     |     4     0     |     4     1     |  
   5     0     |     5     0     |     5     1     |     5     2     |  
   6     1     |     6     1     |     6     0     |     6     1     |  
   7     0     |     7     0     |     7     0     |     7     17     |  
   8     0     |     8     0     |     8     0     |     8     13     |  
   9     0     |     9     0     |     9     0     |     9     19     |  
   10     0     |     10     0     |     10     0     |     10     3     |  
   11     0     |     11     0     |     11     0     |     11     28     |  
   12     0     |     12     0     |     12     0     |     12     12     |  
   13     0     |     13     0     |     13     0     |     13     16     |  
   14     1     |     14     1     |     14     0     |     14     1     |  
   15     0     |     15     0     |     15     0     |     15     6     |  
   16     0     |     16     0     |     16     0     |     16     4     |  
   17     0     |     17     0     |     17     0     |     17     24     |  
   18     0     |     18     0     |     18     0     |     18     27     |  
   19     0     |     19     0     |     19     0     |     19     22     |  
   20     0     |     20     0     |     20     0     |     20     18     |  
   21     0     |     21     0     |     21     0     |     21     23     |  
   22     0     |     22     0     |     22     0     |     22     3     |  
   23     0     |     23     0     |     23     0     |     23     11     |  
   24     0     |     24     0     |     24     0     |     24     9     |  
   25     0     |     25     0     |     25     1     |     25     2     |  
   26     1     |     26     1     |     26     0     |     26     1     |  
   27     0     |     27     0     |     27     0     |     27     21     |  
   28     0     |     28     0     |     28     0     |     28     9     |  
   29     0     |     29     0     |     29     0     |     29     7     |  
   30     1     |     30     1     |     30     0     |     30     1     |  
   31     0     |     31     0     |     31     0     |     31     25     |  
   32     1     |     32     1     |     32     0     |     32     1     |  
   33     0     |     33     0     |     33     0     |     33     10     |  
   34     1     |     34     1     |     34     0     |     34     1     |  
   35     0     |     35     0     |     35     0     |     35     29     |  
   36     0     |     36     0     |     36     0     |     36     15     |  
   37     0     |     37     0     |     37     0     |     37     26     |  
   38     1     |     38     1     |     38     0     |     38     1     |  
   39     1     |     39     1     |     39     0     |     39     1     |  
   40     1     |     40     1     |     40     0     |     40     1     |  
   41     1     |     41     1     |     41     0     |     41     1     |  
   42     1     |     42     1     |     42     0     |     42     1     |  
   43     1     |     43     1     |     43     0     |     43     1     |  
   44     1     |     44     1     |     44     0     |     44     1     |  
######################################################################

######################################################################
#   tipo de dados: Cross Validation com uso do boruta: 
######################################################################

 Acuracia:   0.8279202279202279
 F1:         0.8942278272050503
 Precision:  0.8657360542271026
 Recall:     0.9290043290043289
 ROC_AUC:    0.8477056277056276
 AUPR:       0.8610883385819447
 RMSE:       0.40486719873919774

######################################################################

######################################################################
#   tipo de dados: Cross Validation sem uso do boruta: 
######################################################################

 Acuracia:   0.812962962962963
 F1:         0.8889943658752302
 Precision:  0.8372858293075683
 Recall:     0.9525974025974027
 ROC_AUC:    0.8442929292929293
 AUPR:       0.8345767235984628
 RMSE:       0.42752625991675924

######################################################################

######################################################################
#   tipo de dados: Predição com uso do boruta: 
######################################################################

 Acuracia:   0.8791208791208791
 F1:         0.923076923076923
 Precision:  0.9428571428571428
 Recall:     0.9041095890410958
 ROC_AUC:    0.8409436834094368
 AUPR:       0.9293692608761102
 RMSE:       0.3476767476825577

######################################################################

######################################################################
#   tipo de dados: Predição sem uso do boruta: 
######################################################################

 Acuracia:   0.8024691358024691
 F1:         0.8709677419354839
 Precision:  0.9310344827586207
 Recall:     0.8181818181818182
 ROC_AUC:    0.7757575757575759
 AUPR:       0.909903634041565
 RMSE:       0.4444444444444444

######################################################################

