######################################################################
#   Database HCC: 
######################################################################
   Aceito:      | Suporta:      | Indeciso:     | Ranking: 
  1     0     |     1     0     |     1     0     |     1     19     |  
   2     1     |     2     1     |     2     0     |     2     1     |  
   3     0     |     3     0     |     3     0     |     3     21     |  
   4     0     |     4     0     |     4     0     |     4     6     |  
   5     0     |     5     0     |     5     0     |     5     9     |  
   6     0     |     6     0     |     6     0     |     6     8     |  
   7     0     |     7     0     |     7     0     |     7     5     |  
   8     0     |     8     0     |     8     0     |     8     19     |  
   9     1     |     9     1     |     9     0     |     9     1     |  
   10     0     |     10     0     |     10     0     |     10     5     |  
   11     0     |     11     0     |     11     0     |     11     7     |  
   12     0     |     12     0     |     12     0     |     12     19     |  
   13     1     |     13     1     |     13     0     |     13     1     |  
   14     0     |     14     0     |     14     0     |     14     11     |  
   15     0     |     15     0     |     15     0     |     15     17     |  
   16     0     |     16     0     |     16     0     |     16     14     |  
   17     0     |     17     0     |     17     0     |     17     16     |  
   18     0     |     18     0     |     18     0     |     18     2     |  
   19     0     |     19     0     |     19     0     |     19     13     |  
   20     0     |     20     0     |     20     0     |     20     16     |  
   21     0     |     21     0     |     21     0     |     21     3     |  
   22     1     |     22     1     |     22     0     |     22     1     |  
   23     0     |     23     0     |     23     0     |     23     13     |  
   24     1     |     24     1     |     24     0     |     24     1     |  
   25     1     |     25     1     |     25     0     |     25     1     |  
   26     1     |     26     1     |     26     0     |     26     1     |  
   27     1     |     27     1     |     27     0     |     27     1     |  
   28     0     |     28     0     |     28     0     |     28     10     |  
   29     1     |     29     1     |     29     0     |     29     1     |  
   30     1     |     30     1     |     30     0     |     30     1     |  
   31     1     |     31     1     |     31     0     |     31     1     |  
   32     1     |     32     1     |     32     0     |     32     1     |  
   33     1     |     33     1     |     33     0     |     33     1     |  
   34     1     |     34     1     |     34     0     |     34     1     |  
   35     1     |     35     1     |     35     0     |     35     1     |  
   36     1     |     36     1     |     36     0     |     36     1     |  
   37     1     |     37     1     |     37     0     |     37     1     |  
   38     1     |     38     1     |     38     0     |     38     1     |  
   39     1     |     39     1     |     39     0     |     39     1     |  
   40     1     |     40     1     |     40     0     |     40     1     |  
   41     1     |     41     1     |     41     0     |     41     1     |  
   42     1     |     42     1     |     42     0     |     42     1     |  
   43     1     |     43     1     |     43     0     |     43     1     |  
   44     0     |     44     0     |     44     0     |     44     2     |  
   45     1     |     45     1     |     45     0     |     45     1     |  
   46     1     |     46     1     |     46     0     |     46     1     |  
   47     1     |     47     1     |     47     0     |     47     1     |  
   48     1     |     48     1     |     48     0     |     48     1     |  
   49     1     |     49     1     |     49     0     |     49     1     |  
######################################################################

######################################################################
#   tipo de dados: Cross Validation com uso do boruta: 
######################################################################

 Acuracia:   0.6985294117647058
 F1:         0.7670787524495964
 Precision:  0.7351681651681652
 Recall:     0.8136363636363637
 ROC_AUC:    0.7615151515151516
 AUPR:       0.7161281120839945
 RMSE:       0.539389988782643

######################################################################

######################################################################
#   tipo de dados: Cross Validation sem uso do boruta: 
######################################################################

 Acuracia:   0.6867647058823529
 F1:         0.7535134938796266
 Precision:  0.730456487956488
 Recall:     0.7854545454545454
 ROC_AUC:    0.767987012987013
 AUPR:       0.7118375954111249
 RMSE:       0.5515204602072015

######################################################################

######################################################################
#   tipo de dados: Predição com uso do boruta: 
######################################################################

 Acuracia:   0.7272727272727273
 F1:         0.8051948051948051
 Precision:  0.7209302325581395
 Recall:     0.9117647058823529
 ROC_AUC:    0.6701680672268907
 AUPR:       0.7118641959955229
 RMSE:       0.5222329678670935

######################################################################

######################################################################
#   tipo de dados: Predição sem uso do boruta: 
######################################################################

 Acuracia:   0.62
 F1:         0.7397260273972602
 Precision:  0.627906976744186
 Recall:     0.9
 ROC_AUC:    0.55
 AUPR:       0.6251162790697674
 RMSE:       0.6164414002968976

######################################################################

