######################################################################
#   Database SPECTF Heart: 
######################################################################
   Aceito:      | Suporta:      | Indeciso:     | Ranking: 
  1     0     |     1     0     |     1     0     |     1     14     |  
   2     1     |     2     1     |     2     0     |     2     1     |  
   3     0     |     3     0     |     3     0     |     3     3     |  
   4     1     |     4     1     |     4     0     |     4     1     |  
   5     1     |     5     1     |     5     0     |     5     1     |  
   6     1     |     6     1     |     6     0     |     6     1     |  
   7     0     |     7     0     |     7     0     |     7     13     |  
   8     0     |     8     0     |     8     0     |     8     6     |  
   9     0     |     9     0     |     9     0     |     9     8     |  
   10     1     |     10     1     |     10     0     |     10     1     |  
   11     0     |     11     0     |     11     0     |     11     15     |  
   12     0     |     12     0     |     12     1     |     12     2     |  
   13     0     |     13     0     |     13     0     |     13     4     |  
   14     1     |     14     1     |     14     0     |     14     1     |  
   15     1     |     15     1     |     15     0     |     15     1     |  
   16     1     |     16     1     |     16     0     |     16     1     |  
   17     0     |     17     0     |     17     0     |     17     18     |  
   18     0     |     18     0     |     18     0     |     18     6     |  
   19     0     |     19     0     |     19     0     |     19     12     |  
   20     0     |     20     0     |     20     0     |     20     8     |  
   21     0     |     21     0     |     21     0     |     21     19     |  
   22     1     |     22     1     |     22     0     |     22     1     |  
   23     1     |     23     1     |     23     0     |     23     1     |  
   24     1     |     24     1     |     24     0     |     24     1     |  
   25     1     |     25     1     |     25     0     |     25     1     |  
   26     1     |     26     1     |     26     0     |     26     1     |  
   27     0     |     27     0     |     27     0     |     27     10     |  
   28     1     |     28     1     |     28     0     |     28     1     |  
   29     1     |     29     1     |     29     0     |     29     1     |  
   30     1     |     30     1     |     30     0     |     30     1     |  
   31     0     |     31     0     |     31     0     |     31     17     |  
   32     1     |     32     1     |     32     0     |     32     1     |  
   33     1     |     33     1     |     33     0     |     33     1     |  
   34     1     |     34     1     |     34     0     |     34     1     |  
   35     0     |     35     0     |     35     0     |     35     16     |  
   36     0     |     36     0     |     36     0     |     36     6     |  
   37     0     |     37     0     |     37     0     |     37     11     |  
   38     1     |     38     1     |     38     0     |     38     1     |  
   39     1     |     39     1     |     39     0     |     39     1     |  
   40     1     |     40     1     |     40     0     |     40     1     |  
   41     1     |     41     1     |     41     0     |     41     1     |  
   42     1     |     42     1     |     42     0     |     42     1     |  
   43     1     |     43     1     |     43     0     |     43     1     |  
   44     1     |     44     1     |     44     0     |     44     1     |  
######################################################################

######################################################################
#   tipo de dados: Cross Validation com uso do boruta: 
######################################################################

 Acuracia:   0.8427350427350427
 F1:         0.905228490097582
 Precision:  0.8624969257795346
 Recall:     0.9571428571428571
 ROC_AUC:    0.844090909090909
 AUPR:       0.859186789860703
 RMSE:       0.38862512475257144

######################################################################

######################################################################
#   tipo de dados: Cross Validation sem uso do boruta: 
######################################################################

 Acuracia:   0.8128205128205128
 F1:         0.8883494772116034
 Precision:  0.8391029567516981
 Recall:     0.9476190476190475
 ROC_AUC:    0.8447691197691197
 AUPR:       0.8369438373728991
 RMSE:       0.426494701412832

######################################################################

######################################################################
#   tipo de dados: Predição com uso do boruta: 
######################################################################

 Acuracia:   0.9010989010989011
 F1:         0.9387755102040816
 Precision:  0.9324324324324325
 Recall:     0.9452054794520548
 ROC_AUC:    0.8337138508371386
 AUPR:       0.9252962883099869
 RMSE:       0.3144854510165755

######################################################################

######################################################################
#   tipo de dados: Predição sem uso do boruta: 
######################################################################

 Acuracia:   0.8641975308641975
 F1:         0.9147286821705426
 Precision:  0.9365079365079365
 Recall:     0.8939393939393939
 ROC_AUC:    0.8136363636363637
 AUPR:       0.9236010902677569
 RMSE:       0.3685138655950444

######################################################################

