######################################################################
#   Database HCC: 
######################################################################
   Aceito:      | Suporta:      | Indeciso:     | Ranking: 
  1     0     |     1     0     |     1     0     |     1     38     |  
   2     0     |     2     0     |     2     0     |     2     4     |  
   3     0     |     3     0     |     3     0     |     3     41     |  
   4     0     |     4     0     |     4     0     |     4     27     |  
   5     0     |     5     0     |     5     0     |     5     33     |  
   6     0     |     6     0     |     6     0     |     6     29     |  
   7     0     |     7     0     |     7     0     |     7     24     |  
   8     0     |     8     0     |     8     0     |     8     42     |  
   9     0     |     9     0     |     9     0     |     9     25     |  
   10     0     |     10     0     |     10     0     |     10     26     |  
   11     0     |     11     0     |     11     0     |     11     30     |  
   12     0     |     12     0     |     12     0     |     12     36     |  
   13     0     |     13     0     |     13     0     |     13     16     |  
   14     0     |     14     0     |     14     0     |     14     38     |  
   15     0     |     15     0     |     15     0     |     15     35     |  
   16     0     |     16     0     |     16     0     |     16     36     |  
   17     0     |     17     0     |     17     0     |     17     33     |  
   18     0     |     18     0     |     18     0     |     18     21     |  
   19     0     |     19     0     |     19     0     |     19     33     |  
   20     0     |     20     0     |     20     0     |     20     31     |  
   21     0     |     21     0     |     21     0     |     21     21     |  
   22     0     |     22     0     |     22     0     |     22     19     |  
   23     0     |     23     0     |     23     0     |     23     40     |  
   24     1     |     24     1     |     24     0     |     24     1     |  
   25     0     |     25     0     |     25     0     |     25     17     |  
   26     0     |     26     0     |     26     0     |     26     20     |  
   27     0     |     27     0     |     27     1     |     27     2     |  
   28     0     |     28     0     |     28     0     |     28     28     |  
   29     0     |     29     0     |     29     0     |     29     17     |  
   30     0     |     30     0     |     30     0     |     30     11     |  
   31     1     |     31     1     |     31     0     |     31     1     |  
   32     1     |     32     1     |     32     0     |     32     1     |  
   33     0     |     33     0     |     33     0     |     33     3     |  
   34     0     |     34     0     |     34     0     |     34     9     |  
   35     0     |     35     0     |     35     0     |     35     6     |  
   36     1     |     36     1     |     36     0     |     36     1     |  
   37     0     |     37     0     |     37     0     |     37     8     |  
   38     0     |     38     0     |     38     0     |     38     14     |  
   39     1     |     39     1     |     39     0     |     39     1     |  
   40     0     |     40     0     |     40     1     |     40     2     |  
   41     1     |     41     1     |     41     0     |     41     1     |  
   42     0     |     42     0     |     42     0     |     42     12     |  
   43     0     |     43     0     |     43     0     |     43     10     |  
   44     0     |     44     0     |     44     0     |     44     23     |  
   45     0     |     45     0     |     45     0     |     45     5     |  
   46     0     |     46     0     |     46     0     |     46     6     |  
   47     0     |     47     0     |     47     0     |     47     13     |  
   48     0     |     48     0     |     48     0     |     48     15     |  
   49     1     |     49     1     |     49     0     |     49     1     |  
######################################################################

######################################################################
#   tipo de dados: Cross Validation com uso do boruta: 
######################################################################

 Acuracia:   0.7419117647058824
 F1:         0.7910061798105277
 Precision:  0.7854836829836831
 Recall:     0.8127272727272727
 ROC_AUC:    0.7936471861471862
 AUPR:       0.7587264157411215
 RMSE:       0.4910088251810841

######################################################################

######################################################################
#   tipo de dados: Cross Validation sem uso do boruta: 
######################################################################

 Acuracia:   0.675
 F1:         0.7526943346508564
 Precision:  0.7096620046620047
 Recall:     0.8054545454545454
 ROC_AUC:    0.7558008658008657
 AUPR:       0.7006844576991638
 RMSE:       0.5582453859709093

######################################################################

######################################################################
#   tipo de dados: Predição com uso do boruta: 
######################################################################

 Acuracia:   0.6909090909090909
 F1:         0.7792207792207793
 Precision:  0.6976744186046512
 Recall:     0.8823529411764706
 ROC_AUC:    0.6316526610644257
 AUPR:       0.6883223479666708
 RMSE:       0.5559594491425693

######################################################################

######################################################################
#   tipo de dados: Predição sem uso do boruta: 
######################################################################

 Acuracia:   0.8
 F1:         0.8529411764705883
 Precision:  0.7631578947368421
 Recall:     0.9666666666666667
 ROC_AUC:    0.7583333333333334
 AUPR:       0.7577192982456141
 RMSE:       0.4472135954999579

######################################################################

