######################################################################
#   Database SPECTF Heart: 
######################################################################
   Aceito:      | Suporta:      | Indeciso:     | Ranking: 
  1     0     |     1     0     |     1     0     |     1     30     |  
   2     0     |     2     0     |     2     0     |     2     12     |  
   3     0     |     3     0     |     3     0     |     3     18     |  
   4     0     |     4     0     |     4     1     |     4     2     |  
   5     0     |     5     0     |     5     0     |     5     7     |  
   6     1     |     6     1     |     6     0     |     6     1     |  
   7     0     |     7     0     |     7     0     |     7     31     |  
   8     0     |     8     0     |     8     0     |     8     23     |  
   9     0     |     9     0     |     9     0     |     9     22     |  
   10     0     |     10     0     |     10     0     |     10     11     |  
   11     0     |     11     0     |     11     0     |     11     27     |  
   12     0     |     12     0     |     12     0     |     12     19     |  
   13     0     |     13     0     |     13     0     |     13     21     |  
   14     0     |     14     0     |     14     0     |     14     5     |  
   15     0     |     15     0     |     15     0     |     15     13     |  
   16     0     |     16     0     |     16     0     |     16     10     |  
   17     0     |     17     0     |     17     0     |     17     32     |  
   18     0     |     18     0     |     18     0     |     18     20     |  
   19     0     |     19     0     |     19     0     |     19     33     |  
   20     0     |     20     0     |     20     0     |     20     25     |  
   21     0     |     21     0     |     21     0     |     21     35     |  
   22     0     |     22     0     |     22     0     |     22     8     |  
   23     0     |     23     0     |     23     0     |     23     15     |  
   24     0     |     24     0     |     24     0     |     24     15     |  
   25     0     |     25     0     |     25     0     |     25     6     |  
   26     1     |     26     1     |     26     0     |     26     1     |  
   27     0     |     27     0     |     27     0     |     27     34     |  
   28     0     |     28     0     |     28     0     |     28     16     |  
   29     0     |     29     0     |     29     0     |     29     9     |  
   30     1     |     30     1     |     30     0     |     30     1     |  
   31     0     |     31     0     |     31     0     |     31     28     |  
   32     0     |     32     0     |     32     1     |     32     2     |  
   33     0     |     33     0     |     33     0     |     33     17     |  
   34     1     |     34     1     |     34     0     |     34     1     |  
   35     0     |     35     0     |     35     0     |     35     30     |  
   36     0     |     36     0     |     36     0     |     36     25     |  
   37     0     |     37     0     |     37     0     |     37     25     |  
   38     0     |     38     0     |     38     0     |     38     3     |  
   39     0     |     39     0     |     39     0     |     39     5     |  
   40     1     |     40     1     |     40     0     |     40     1     |  
   41     0     |     41     0     |     41     0     |     41     3     |  
   42     1     |     42     1     |     42     0     |     42     1     |  
   43     0     |     43     0     |     43     1     |     43     2     |  
   44     0     |     44     0     |     44     1     |     44     2     |  
######################################################################

######################################################################
#   tipo de dados: Cross Validation com uso do boruta: 
######################################################################

 Acuracia:   0.8014245014245015
 F1:         0.8796515224047476
 Precision:  0.8443518800040539
 Recall:     0.9194805194805195
 ROC_AUC:    0.8253318903318905
 AUPR:       0.8414527179744571
 RMSE:       0.440271122947705

######################################################################

######################################################################
#   tipo de dados: Cross Validation sem uso do boruta: 
######################################################################

 Acuracia:   0.8205128205128205
 F1:         0.8947732947347529
 Precision:  0.8351148891366282
 Recall:     0.9666666666666668
 ROC_AUC:    0.8442857142857143
 AUPR:       0.8336741076958468
 RMSE:       0.4184942882708319

######################################################################

######################################################################
#   tipo de dados: Predição com uso do boruta: 
######################################################################

 Acuracia:   0.8351648351648352
 F1:         0.8951048951048951
 Precision:  0.9142857142857143
 Recall:     0.8767123287671232
 ROC_AUC:    0.771689497716895
 AUPR:       0.9004666566310402
 RMSE:       0.40599897147057507

######################################################################

######################################################################
#   tipo de dados: Predição sem uso do boruta: 
######################################################################

 Acuracia:   0.8641975308641975
 F1:         0.9133858267716536
 Precision:  0.9508196721311475
 Recall:     0.8787878787878788
 ROC_AUC:    0.8393939393939395
 AUPR:       0.9343342348806829
 RMSE:       0.3685138655950444

######################################################################

