######################################################################
#   Database HCC: 
######################################################################
   Aceito:      | Suporta:      | Indeciso:     | Ranking: 
  1     0     |     1     0     |     1     0     |     1     3     |  
   2     1     |     2     1     |     2     0     |     2     1     |  
   3     0     |     3     0     |     3     0     |     3     3     |  
   4     1     |     4     1     |     4     0     |     4     1     |  
   5     1     |     5     1     |     5     0     |     5     1     |  
   6     1     |     6     1     |     6     0     |     6     1     |  
   7     1     |     7     1     |     7     0     |     7     1     |  
   8     0     |     8     0     |     8     0     |     8     5     |  
   9     1     |     9     1     |     9     0     |     9     1     |  
   10     1     |     10     1     |     10     0     |     10     1     |  
   11     1     |     11     1     |     11     0     |     11     1     |  
   12     0     |     12     0     |     12     0     |     12     3     |  
   13     1     |     13     1     |     13     0     |     13     1     |  
   14     1     |     14     1     |     14     0     |     14     1     |  
   15     0     |     15     0     |     15     1     |     15     2     |  
   16     1     |     16     1     |     16     0     |     16     1     |  
   17     1     |     17     1     |     17     0     |     17     1     |  
   18     1     |     18     1     |     18     0     |     18     1     |  
   19     1     |     19     1     |     19     0     |     19     1     |  
   20     1     |     20     1     |     20     0     |     20     1     |  
   21     1     |     21     1     |     21     0     |     21     1     |  
   22     1     |     22     1     |     22     0     |     22     1     |  
   23     0     |     23     0     |     23     1     |     23     2     |  
   24     1     |     24     1     |     24     0     |     24     1     |  
   25     1     |     25     1     |     25     0     |     25     1     |  
   26     1     |     26     1     |     26     0     |     26     1     |  
   27     1     |     27     1     |     27     0     |     27     1     |  
   28     1     |     28     1     |     28     0     |     28     1     |  
   29     1     |     29     1     |     29     0     |     29     1     |  
   30     1     |     30     1     |     30     0     |     30     1     |  
   31     1     |     31     1     |     31     0     |     31     1     |  
   32     1     |     32     1     |     32     0     |     32     1     |  
   33     1     |     33     1     |     33     0     |     33     1     |  
   34     1     |     34     1     |     34     0     |     34     1     |  
   35     1     |     35     1     |     35     0     |     35     1     |  
   36     1     |     36     1     |     36     0     |     36     1     |  
   37     1     |     37     1     |     37     0     |     37     1     |  
   38     1     |     38     1     |     38     0     |     38     1     |  
   39     1     |     39     1     |     39     0     |     39     1     |  
   40     1     |     40     1     |     40     0     |     40     1     |  
   41     1     |     41     1     |     41     0     |     41     1     |  
   42     1     |     42     1     |     42     0     |     42     1     |  
   43     1     |     43     1     |     43     0     |     43     1     |  
   44     1     |     44     1     |     44     0     |     44     1     |  
   45     1     |     45     1     |     45     0     |     45     1     |  
   46     1     |     46     1     |     46     0     |     46     1     |  
   47     1     |     47     1     |     47     0     |     47     1     |  
   48     1     |     48     1     |     48     0     |     48     1     |  
   49     1     |     49     1     |     49     0     |     49     1     |  
######################################################################

######################################################################
#   tipo de dados: Cross Validation com uso do boruta: 
######################################################################

 Acuracia:   0.6805147058823529
 F1:         0.7541366261503561
 Precision:  0.7193706293706293
 Recall:     0.7972727272727272
 ROC_AUC:    0.7300324675324675
 AUPR:       0.7139179443551102
 RMSE:       0.5427956515482603

######################################################################

######################################################################
#   tipo de dados: Cross Validation sem uso do boruta: 
######################################################################

 Acuracia:   0.6988970588235295
 F1:         0.7700043091919524
 Precision:  0.7251165501165501
 Recall:     0.8254545454545456
 ROC_AUC:    0.7680411255411255
 AUPR:       0.7127560830435162
 RMSE:       0.5394955328776392

######################################################################

######################################################################
#   tipo de dados: Predição com uso do boruta: 
######################################################################

 Acuracia:   0.7636363636363637
 F1:         0.8169014084507041
 Precision:  0.7837837837837838
 Recall:     0.8529411764705882
 ROC_AUC:    0.7359943977591037
 AUPR:       0.7594305535482005
 RMSE:       0.4861724348043977

######################################################################

######################################################################
#   tipo de dados: Predição sem uso do boruta: 
######################################################################

 Acuracia:   0.8
 F1:         0.8529411764705883
 Precision:  0.7631578947368421
 Recall:     0.9666666666666667
 ROC_AUC:    0.7583333333333334
 AUPR:       0.7577192982456141
 RMSE:       0.4472135954999579

######################################################################

