######################################################################
#   Database SPECTF Heart: 
######################################################################
   Aceito:      | Suporta:      | Indeciso:     | Ranking: 
  1     1     |     1     1     |     1     0     |     1     1     |  
   2     1     |     2     1     |     2     0     |     2     1     |  
   3     1     |     3     1     |     3     0     |     3     1     |  
   4     1     |     4     1     |     4     0     |     4     1     |  
   5     1     |     5     1     |     5     0     |     5     1     |  
   6     1     |     6     1     |     6     0     |     6     1     |  
   7     0     |     7     0     |     7     1     |     7     2     |  
   8     1     |     8     1     |     8     0     |     8     1     |  
   9     1     |     9     1     |     9     0     |     9     1     |  
   10     1     |     10     1     |     10     0     |     10     1     |  
   11     0     |     11     0     |     11     0     |     11     3     |  
   12     1     |     12     1     |     12     0     |     12     1     |  
   13     1     |     13     1     |     13     0     |     13     1     |  
   14     1     |     14     1     |     14     0     |     14     1     |  
   15     1     |     15     1     |     15     0     |     15     1     |  
   16     1     |     16     1     |     16     0     |     16     1     |  
   17     0     |     17     0     |     17     1     |     17     2     |  
   18     1     |     18     1     |     18     0     |     18     1     |  
   19     1     |     19     1     |     19     0     |     19     1     |  
   20     1     |     20     1     |     20     0     |     20     1     |  
   21     0     |     21     0     |     21     0     |     21     3     |  
   22     1     |     22     1     |     22     0     |     22     1     |  
   23     1     |     23     1     |     23     0     |     23     1     |  
   24     1     |     24     1     |     24     0     |     24     1     |  
   25     1     |     25     1     |     25     0     |     25     1     |  
   26     1     |     26     1     |     26     0     |     26     1     |  
   27     1     |     27     1     |     27     0     |     27     1     |  
   28     1     |     28     1     |     28     0     |     28     1     |  
   29     1     |     29     1     |     29     0     |     29     1     |  
   30     1     |     30     1     |     30     0     |     30     1     |  
   31     1     |     31     1     |     31     0     |     31     1     |  
   32     1     |     32     1     |     32     0     |     32     1     |  
   33     1     |     33     1     |     33     0     |     33     1     |  
   34     1     |     34     1     |     34     0     |     34     1     |  
   35     0     |     35     0     |     35     0     |     35     3     |  
   36     1     |     36     1     |     36     0     |     36     1     |  
   37     0     |     37     0     |     37     1     |     37     2     |  
   38     1     |     38     1     |     38     0     |     38     1     |  
   39     1     |     39     1     |     39     0     |     39     1     |  
   40     1     |     40     1     |     40     0     |     40     1     |  
   41     1     |     41     1     |     41     0     |     41     1     |  
   42     1     |     42     1     |     42     0     |     42     1     |  
   43     1     |     43     1     |     43     0     |     43     1     |  
   44     1     |     44     1     |     44     0     |     44     1     |  
######################################################################

######################################################################
#   tipo de dados: Cross Validation com uso do boruta: 
######################################################################

 Acuracia:   0.813105413105413
 F1:         0.8888526845290186
 Precision:  0.8425583538844409
 Recall:     0.9432900432900434
 ROC_AUC:    0.8469769119769118
 AUPR:       0.8394369261977956
 RMSE:       0.4298323137168197

######################################################################

######################################################################
#   tipo de dados: Cross Validation sem uso do boruta: 
######################################################################

 Acuracia:   0.8207977207977208
 F1:         0.8944683665897065
 Precision:  0.8423691992387645
 Recall:     0.9571428571428571
 ROC_AUC:    0.8559956709956709
 AUPR:       0.8397298900777163
 RMSE:       0.41580586435158146

######################################################################

######################################################################
#   tipo de dados: Predição com uso do boruta: 
######################################################################

 Acuracia:   0.8461538461538461
 F1:         0.9027777777777778
 Precision:  0.9154929577464789
 Recall:     0.8904109589041096
 ROC_AUC:    0.7785388127853882
 AUPR:       0.9030770502890897
 RMSE:       0.3922322702763681

######################################################################

######################################################################
#   tipo de dados: Predição sem uso do boruta: 
######################################################################

 Acuracia:   0.7654320987654321
 F1:         0.8503937007874016
 Precision:  0.8852459016393442
 Recall:     0.8181818181818182
 ROC_AUC:    0.6757575757575758
 AUPR:       0.8724402494894299
 RMSE:       0.4843221048378526

######################################################################

