######################################################################
#   Database HCC: 
######################################################################
   Aceito:      | Suporta:      | Indeciso:     | Ranking: 
  1     0     |     1     0     |     1     0     |     1     28     |  
   2     1     |     2     1     |     2     0     |     2     1     |  
   3     0     |     3     0     |     3     0     |     3     29     |  
   4     0     |     4     0     |     4     0     |     4     16     |  
   5     0     |     5     0     |     5     0     |     5     18     |  
   6     0     |     6     0     |     6     0     |     6     26     |  
   7     0     |     7     0     |     7     0     |     7     12     |  
   8     0     |     8     0     |     8     0     |     8     31     |  
   9     0     |     9     0     |     9     0     |     9     15     |  
   10     0     |     10     0     |     10     0     |     10     12     |  
   11     0     |     11     0     |     11     0     |     11     16     |  
   12     0     |     12     0     |     12     0     |     12     26     |  
   13     0     |     13     0     |     13     0     |     13     7     |  
   14     0     |     14     0     |     14     0     |     14     25     |  
   15     0     |     15     0     |     15     0     |     15     23     |  
   16     0     |     16     0     |     16     0     |     16     24     |  
   17     0     |     17     0     |     17     0     |     17     30     |  
   18     0     |     18     0     |     18     0     |     18     14     |  
   19     0     |     19     0     |     19     0     |     19     20     |  
   20     0     |     20     0     |     20     0     |     20     21     |  
   21     0     |     21     0     |     21     0     |     21     11     |  
   22     0     |     22     0     |     22     0     |     22     6     |  
   23     0     |     23     0     |     23     0     |     23     21     |  
   24     1     |     24     1     |     24     0     |     24     1     |  
   25     0     |     25     0     |     25     0     |     25     7     |  
   26     0     |     26     0     |     26     0     |     26     9     |  
   27     1     |     27     1     |     27     0     |     27     1     |  
   28     0     |     28     0     |     28     0     |     28     19     |  
   29     0     |     29     0     |     29     0     |     29     4     |  
   30     1     |     30     1     |     30     0     |     30     1     |  
   31     1     |     31     1     |     31     0     |     31     1     |  
   32     1     |     32     1     |     32     0     |     32     1     |  
   33     1     |     33     1     |     33     0     |     33     1     |  
   34     1     |     34     1     |     34     0     |     34     1     |  
   35     1     |     35     1     |     35     0     |     35     1     |  
   36     1     |     36     1     |     36     0     |     36     1     |  
   37     1     |     37     1     |     37     0     |     37     1     |  
   38     0     |     38     0     |     38     0     |     38     2     |  
   39     1     |     39     1     |     39     0     |     39     1     |  
   40     1     |     40     1     |     40     0     |     40     1     |  
   41     1     |     41     1     |     41     0     |     41     1     |  
   42     0     |     42     0     |     42     0     |     42     3     |  
   43     1     |     43     1     |     43     0     |     43     1     |  
   44     0     |     44     0     |     44     0     |     44     10     |  
   45     1     |     45     1     |     45     0     |     45     1     |  
   46     1     |     46     1     |     46     0     |     46     1     |  
   47     1     |     47     1     |     47     0     |     47     1     |  
   48     0     |     48     0     |     48     0     |     48     5     |  
   49     1     |     49     1     |     49     0     |     49     1     |  
######################################################################

######################################################################
#   tipo de dados: Cross Validation com uso do boruta: 
######################################################################

 Acuracia:   0.6930147058823529
 F1:         0.7548991928787325
 Precision:  0.7352747252747253
 Recall:     0.7872727272727273
 ROC_AUC:    0.7785606060606061
 AUPR:       0.7184245215568745
 RMSE:       0.542409585012419

######################################################################

######################################################################
#   tipo de dados: Cross Validation sem uso do boruta: 
######################################################################

 Acuracia:   0.68125
 F1:         0.7512218292767492
 Precision:  0.7159751359751361
 Recall:     0.7972727272727272
 ROC_AUC:    0.7608333333333334
 AUPR:       0.7097018830842361
 RMSE:       0.5486188897577899

######################################################################

######################################################################
#   tipo de dados: Predição com uso do boruta: 
######################################################################

 Acuracia:   0.7818181818181819
 F1:         0.8285714285714286
 Precision:  0.8055555555555556
 Recall:     0.8529411764705882
 ROC_AUC:    0.7598039215686276
 AUPR:       0.7780005941770648
 RMSE:       0.46709936649691375

######################################################################

######################################################################
#   tipo de dados: Predição sem uso do boruta: 
######################################################################

 Acuracia:   0.76
 F1:         0.8181818181818182
 Precision:  0.75
 Recall:     0.9
 ROC_AUC:    0.725
 AUPR:       0.735
 RMSE:       0.4898979485566356

######################################################################

