######################################################################
#   Database SPECTF Heart: 
######################################################################
   Aceito:      | Suporta:      | Indeciso:     | Ranking: 
  1     0     |     1     0     |     1     0     |     1     12     |  
   2     1     |     2     1     |     2     0     |     2     1     |  
   3     0     |     3     0     |     3     0     |     3     5     |  
   4     1     |     4     1     |     4     0     |     4     1     |  
   5     1     |     5     1     |     5     0     |     5     1     |  
   6     1     |     6     1     |     6     0     |     6     1     |  
   7     0     |     7     0     |     7     0     |     7     19     |  
   8     0     |     8     0     |     8     0     |     8     14     |  
   9     0     |     9     0     |     9     0     |     9     7     |  
   10     1     |     10     1     |     10     0     |     10     1     |  
   11     0     |     11     0     |     11     0     |     11     20     |  
   12     0     |     12     0     |     12     0     |     12     5     |  
   13     0     |     13     0     |     13     0     |     13     9     |  
   14     1     |     14     1     |     14     0     |     14     1     |  
   15     1     |     15     1     |     15     0     |     15     1     |  
   16     1     |     16     1     |     16     0     |     16     1     |  
   17     0     |     17     0     |     17     0     |     17     16     |  
   18     0     |     18     0     |     18     0     |     18     13     |  
   19     0     |     19     0     |     19     0     |     19     7     |  
   20     0     |     20     0     |     20     0     |     20     11     |  
   21     0     |     21     0     |     21     0     |     21     22     |  
   22     1     |     22     1     |     22     0     |     22     1     |  
   23     0     |     23     0     |     23     0     |     23     2     |  
   24     0     |     24     0     |     24     0     |     24     5     |  
   25     1     |     25     1     |     25     0     |     25     1     |  
   26     1     |     26     1     |     26     0     |     26     1     |  
   27     0     |     27     0     |     27     0     |     27     17     |  
   28     0     |     28     0     |     28     0     |     28     2     |  
   29     1     |     29     1     |     29     0     |     29     1     |  
   30     1     |     30     1     |     30     0     |     30     1     |  
   31     0     |     31     0     |     31     0     |     31     14     |  
   32     1     |     32     1     |     32     0     |     32     1     |  
   33     0     |     33     0     |     33     0     |     33     2     |  
   34     1     |     34     1     |     34     0     |     34     1     |  
   35     0     |     35     0     |     35     0     |     35     21     |  
   36     0     |     36     0     |     36     0     |     36     9     |  
   37     0     |     37     0     |     37     0     |     37     18     |  
   38     1     |     38     1     |     38     0     |     38     1     |  
   39     1     |     39     1     |     39     0     |     39     1     |  
   40     1     |     40     1     |     40     0     |     40     1     |  
   41     1     |     41     1     |     41     0     |     41     1     |  
   42     1     |     42     1     |     42     0     |     42     1     |  
   43     1     |     43     1     |     43     0     |     43     1     |  
   44     1     |     44     1     |     44     0     |     44     1     |  
######################################################################

######################################################################
#   tipo de dados: Cross Validation com uso do boruta: 
######################################################################

 Acuracia:   0.8091168091168092
 F1:         0.8853048066421925
 Precision:  0.8443866247744966
 Recall:     0.9335497835497837
 ROC_AUC:    0.8515295815295815
 AUPR:       0.8412786879375634
 RMSE:       0.4315446539303139

######################################################################

######################################################################
#   tipo de dados: Cross Validation sem uso do boruta: 
######################################################################

 Acuracia:   0.808974358974359
 F1:         0.8867392055765915
 Precision:  0.8336414591849376
 Recall:     0.9523809523809523
 ROC_AUC:    0.8431529581529583
 AUPR:       0.8305969191838758
 RMSE:       0.43461217942492186

######################################################################

######################################################################
#   tipo de dados: Predição com uso do boruta: 
######################################################################

 Acuracia:   0.8571428571428571
 F1:         0.9115646258503401
 Precision:  0.9054054054054054
 Recall:     0.9178082191780822
 ROC_AUC:    0.7644596651445967
 AUPR:       0.8969225887034106
 RMSE:       0.3779644730092272

######################################################################

######################################################################
#   tipo de dados: Predição sem uso do boruta: 
######################################################################

 Acuracia:   0.8271604938271605
 F1:         0.8870967741935484
 Precision:  0.9482758620689655
 Recall:     0.8333333333333334
 ROC_AUC:    0.8166666666666668
 AUPR:       0.9260323541932737
 RMSE:       0.41573970964154905

######################################################################

