######################################################################
#   Database HCC: 
######################################################################
   Aceito:      | Suporta:      | Indeciso:     | Ranking: 
  1     0     |     1     0     |     1     0     |     1     38     |  
   2     0     |     2     0     |     2     0     |     2     3     |  
   3     0     |     3     0     |     3     0     |     3     40     |  
   4     0     |     4     0     |     4     0     |     4     31     |  
   5     0     |     5     0     |     5     0     |     5     28     |  
   6     0     |     6     0     |     6     0     |     6     32     |  
   7     0     |     7     0     |     7     0     |     7     25     |  
   8     0     |     8     0     |     8     0     |     8     42     |  
   9     0     |     9     0     |     9     0     |     9     23     |  
   10     0     |     10     0     |     10     0     |     10     26     |  
   11     0     |     11     0     |     11     0     |     11     28     |  
   12     0     |     12     0     |     12     0     |     12     41     |  
   13     0     |     13     0     |     13     0     |     13     19     |  
   14     0     |     14     0     |     14     0     |     14     38     |  
   15     0     |     15     0     |     15     0     |     15     33     |  
   16     0     |     16     0     |     16     0     |     16     36     |  
   17     0     |     17     0     |     17     0     |     17     34     |  
   18     0     |     18     0     |     18     0     |     18     23     |  
   19     0     |     19     0     |     19     0     |     19     38     |  
   20     0     |     20     0     |     20     0     |     20     28     |  
   21     0     |     21     0     |     21     0     |     21     21     |  
   22     0     |     22     0     |     22     0     |     22     18     |  
   23     0     |     23     0     |     23     0     |     23     35     |  
   24     1     |     24     1     |     24     0     |     24     1     |  
   25     0     |     25     0     |     25     0     |     25     17     |  
   26     0     |     26     0     |     26     0     |     26     20     |  
   27     1     |     27     1     |     27     0     |     27     1     |  
   28     0     |     28     0     |     28     0     |     28     28     |  
   29     0     |     29     0     |     29     0     |     29     14     |  
   30     0     |     30     0     |     30     0     |     30     10     |  
   31     1     |     31     1     |     31     0     |     31     1     |  
   32     1     |     32     1     |     32     0     |     32     1     |  
   33     0     |     33     0     |     33     0     |     33     4     |  
   34     0     |     34     0     |     34     0     |     34     10     |  
   35     0     |     35     0     |     35     0     |     35     6     |  
   36     1     |     36     1     |     36     0     |     36     1     |  
   37     0     |     37     0     |     37     0     |     37     6     |  
   38     0     |     38     0     |     38     0     |     38     13     |  
   39     1     |     39     1     |     39     0     |     39     1     |  
   40     0     |     40     0     |     40     1     |     40     2     |  
   41     1     |     41     1     |     41     0     |     41     1     |  
   42     0     |     42     0     |     42     0     |     42     15     |  
   43     0     |     43     0     |     43     0     |     43     8     |  
   44     0     |     44     0     |     44     0     |     44     23     |  
   45     0     |     45     0     |     45     0     |     45     5     |  
   46     0     |     46     0     |     46     0     |     46     8     |  
   47     0     |     47     0     |     47     0     |     47     12     |  
   48     0     |     48     0     |     48     0     |     48     15     |  
   49     1     |     49     1     |     49     0     |     49     1     |  
######################################################################

######################################################################
#   tipo de dados: Cross Validation com uso do boruta: 
######################################################################

 Acuracia:   0.7238970588235294
 F1:         0.7667018705408799
 Precision:  0.7689502164502164
 Recall:     0.7736363636363637
 ROC_AUC:    0.7648484848484849
 AUPR:       0.7487721138041994
 RMSE:       0.5073653301813356

######################################################################

######################################################################
#   tipo de dados: Cross Validation sem uso do boruta: 
######################################################################

 Acuracia:   0.6742647058823529
 F1:         0.733248789842544
 Precision:  0.7423731823731823
 Recall:     0.7372727272727272
 ROC_AUC:    0.7487878787878789
 AUPR:       0.7186090869914399
 RMSE:       0.5580565379504561

######################################################################

######################################################################
#   tipo de dados: Predição com uso do boruta: 
######################################################################

 Acuracia:   0.74
 F1:         0.7719298245614036
 Precision:  0.6875
 Recall:     0.88
 ROC_AUC:    0.74
 AUPR:       0.665
 RMSE:       0.5099019513592785

######################################################################

######################################################################
#   tipo de dados: Predição sem uso do boruta: 
######################################################################

 Acuracia:   0.68
 F1:         0.7333333333333334
 Precision:  0.6285714285714286
 Recall:     0.88
 ROC_AUC:    0.6799999999999999
 AUPR:       0.6131428571428572
 RMSE:       0.565685424949238

######################################################################

