######################################################################
#   Database SPECTF Heart: 
######################################################################
   Aceito:      | Suporta:      | Indeciso:     | Ranking: 
  1     0     |     1     0     |     1     0     |     1     26     |  
   2     0     |     2     0     |     2     0     |     2     10     |  
   3     0     |     3     0     |     3     0     |     3     15     |  
   4     1     |     4     1     |     4     0     |     4     1     |  
   5     0     |     5     0     |     5     0     |     5     4     |  
   6     1     |     6     1     |     6     0     |     6     1     |  
   7     0     |     7     0     |     7     0     |     7     24     |  
   8     0     |     8     0     |     8     0     |     8     16     |  
   9     0     |     9     0     |     9     0     |     9     19     |  
   10     0     |     10     0     |     10     0     |     10     6     |  
   11     0     |     11     0     |     11     0     |     11     30     |  
   12     0     |     12     0     |     12     0     |     12     14     |  
   13     0     |     13     0     |     13     0     |     13     19     |  
   14     0     |     14     0     |     14     1     |     14     2     |  
   15     0     |     15     0     |     15     0     |     15     6     |  
   16     0     |     16     0     |     16     0     |     16     8     |  
   17     0     |     17     0     |     17     0     |     17     28     |  
   18     0     |     18     0     |     18     0     |     18     21     |  
   19     0     |     19     0     |     19     0     |     19     25     |  
   20     0     |     20     0     |     20     0     |     20     18     |  
   21     0     |     21     0     |     21     0     |     21     32     |  
   22     0     |     22     0     |     22     0     |     22     5     |  
   23     0     |     23     0     |     23     0     |     23     12     |  
   24     0     |     24     0     |     24     0     |     24     9     |  
   25     0     |     25     0     |     25     1     |     25     2     |  
   26     1     |     26     1     |     26     0     |     26     1     |  
   27     0     |     27     0     |     27     0     |     27     21     |  
   28     0     |     28     0     |     28     0     |     28     12     |  
   29     0     |     29     0     |     29     0     |     29     11     |  
   30     1     |     30     1     |     30     0     |     30     1     |  
   31     0     |     31     0     |     31     0     |     31     26     |  
   32     1     |     32     1     |     32     0     |     32     1     |  
   33     0     |     33     0     |     33     0     |     33     17     |  
   34     1     |     34     1     |     34     0     |     34     1     |  
   35     0     |     35     0     |     35     0     |     35     31     |  
   36     0     |     36     0     |     36     0     |     36     23     |  
   37     0     |     37     0     |     37     0     |     37     28     |  
   38     0     |     38     0     |     38     1     |     38     2     |  
   39     0     |     39     0     |     39     0     |     39     3     |  
   40     1     |     40     1     |     40     0     |     40     1     |  
   41     1     |     41     1     |     41     0     |     41     1     |  
   42     1     |     42     1     |     42     0     |     42     1     |  
   43     1     |     43     1     |     43     0     |     43     1     |  
   44     1     |     44     1     |     44     0     |     44     1     |  
######################################################################

######################################################################
#   tipo de dados: Cross Validation com uso do boruta: 
######################################################################

 Acuracia:   0.8428774928774928
 F1:         0.9031146890358098
 Precision:  0.8850179797319384
 Recall:     0.9244588744588743
 ROC_AUC:    0.8446681096681097
 AUPR:       0.8800095621932822
 RMSE:       0.3814376729625054

######################################################################

######################################################################
#   tipo de dados: Cross Validation sem uso do boruta: 
######################################################################

 Acuracia:   0.7940170940170941
 F1:         0.8753897224306444
 Precision:  0.8410688731558297
 Recall:     0.9153679653679653
 ROC_AUC:    0.8005772005772005
 AUPR:       0.8382833311156294
 RMSE:       0.4485913089355519

######################################################################

######################################################################
#   tipo de dados: Predição com uso do boruta: 
######################################################################

 Acuracia:   0.8395061728395061
 F1:         0.9037037037037037
 Precision:  0.8591549295774648
 Recall:     0.953125
 ROC_AUC:    0.6824448529411764
 AUPR:       0.8559190792905582
 RMSE:       0.40061680838488767

######################################################################

######################################################################
#   tipo de dados: Predição sem uso do boruta: 
######################################################################

 Acuracia:   0.8395061728395061
 F1:         0.9037037037037037
 Precision:  0.8591549295774648
 Recall:     0.953125
 ROC_AUC:    0.6824448529411764
 AUPR:       0.8559190792905582
 RMSE:       0.40061680838488767

######################################################################

