######################################################################
#   Database HCC: 
######################################################################
   Aceito:      | Suporta:      | Indeciso:     | Ranking: 
  1     0     |     1     0     |     1     0     |     1     23     |  
   2     1     |     2     1     |     2     0     |     2     1     |  
   3     0     |     3     0     |     3     0     |     3     21     |  
   4     0     |     4     0     |     4     0     |     4     11     |  
   5     0     |     5     0     |     5     0     |     5     14     |  
   6     0     |     6     0     |     6     0     |     6     12     |  
   7     0     |     7     0     |     7     0     |     7     6     |  
   8     0     |     8     0     |     8     0     |     8     24     |  
   9     0     |     9     0     |     9     0     |     9     7     |  
   10     0     |     10     0     |     10     0     |     10     8     |  
   11     0     |     11     0     |     11     0     |     11     10     |  
   12     0     |     12     0     |     12     0     |     12     20     |  
   13     1     |     13     1     |     13     0     |     13     1     |  
   14     0     |     14     0     |     14     0     |     14     18     |  
   15     0     |     15     0     |     15     0     |     15     19     |  
   16     0     |     16     0     |     16     0     |     16     14     |  
   17     0     |     17     0     |     17     0     |     17     16     |  
   18     0     |     18     0     |     18     0     |     18     3     |  
   19     0     |     19     0     |     19     0     |     19     13     |  
   20     0     |     20     0     |     20     0     |     20     17     |  
   21     0     |     21     0     |     21     0     |     21     4     |  
   22     1     |     22     1     |     22     0     |     22     1     |  
   23     0     |     23     0     |     23     0     |     23     22     |  
   24     1     |     24     1     |     24     0     |     24     1     |  
   25     1     |     25     1     |     25     0     |     25     1     |  
   26     1     |     26     1     |     26     0     |     26     1     |  
   27     1     |     27     1     |     27     0     |     27     1     |  
   28     0     |     28     0     |     28     0     |     28     8     |  
   29     0     |     29     0     |     29     0     |     29     2     |  
   30     1     |     30     1     |     30     0     |     30     1     |  
   31     1     |     31     1     |     31     0     |     31     1     |  
   32     1     |     32     1     |     32     0     |     32     1     |  
   33     1     |     33     1     |     33     0     |     33     1     |  
   34     1     |     34     1     |     34     0     |     34     1     |  
   35     1     |     35     1     |     35     0     |     35     1     |  
   36     1     |     36     1     |     36     0     |     36     1     |  
   37     1     |     37     1     |     37     0     |     37     1     |  
   38     1     |     38     1     |     38     0     |     38     1     |  
   39     1     |     39     1     |     39     0     |     39     1     |  
   40     1     |     40     1     |     40     0     |     40     1     |  
   41     1     |     41     1     |     41     0     |     41     1     |  
   42     1     |     42     1     |     42     0     |     42     1     |  
   43     1     |     43     1     |     43     0     |     43     1     |  
   44     0     |     44     0     |     44     0     |     44     4     |  
   45     1     |     45     1     |     45     0     |     45     1     |  
   46     1     |     46     1     |     46     0     |     46     1     |  
   47     1     |     47     1     |     47     0     |     47     1     |  
   48     1     |     48     1     |     48     0     |     48     1     |  
   49     1     |     49     1     |     49     0     |     49     1     |  
######################################################################

######################################################################
#   tipo de dados: Cross Validation com uso do boruta: 
######################################################################

 Acuracia:   0.7102941176470589
 F1:         0.771821686860723
 Precision:  0.7423298923298923
 Recall:     0.8145454545454547
 ROC_AUC:    0.7504978354978354
 AUPR:       0.7238209747768571
 RMSE:       0.5284979653443923

######################################################################

######################################################################
#   tipo de dados: Cross Validation sem uso do boruta: 
######################################################################

 Acuracia:   0.7047794117647059
 F1:         0.7673093189845108
 Precision:  0.7416616716616716
 Recall:     0.8054545454545456
 ROC_AUC:    0.7437121212121213
 AUPR:       0.7220887356849925
 RMSE:       0.5340544446505583

######################################################################

######################################################################
#   tipo de dados: Predição com uso do boruta: 
######################################################################

 Acuracia:   0.7454545454545455
 F1:         0.8055555555555555
 Precision:  0.7631578947368421
 Recall:     0.8529411764705882
 ROC_AUC:    0.7121848739495799
 AUPR:       0.7418378834787503
 RMSE:       0.504524979109513

######################################################################

######################################################################
#   tipo de dados: Predição sem uso do boruta: 
######################################################################

 Acuracia:   0.78
 F1:         0.8307692307692307
 Precision:  0.7714285714285715
 Recall:     0.9
 ROC_AUC:    0.75
 AUPR:       0.7542857142857142
 RMSE:       0.469041575982343

######################################################################

