######################################################################
#   Database SPECTF Heart: 
######################################################################
   Aceito:      | Suporta:      | Indeciso:     | Ranking: 
  1     0     |     1     0     |     1     0     |     1     12     |  
   2     1     |     2     1     |     2     0     |     2     1     |  
   3     0     |     3     0     |     3     0     |     3     3     |  
   4     1     |     4     1     |     4     0     |     4     1     |  
   5     1     |     5     1     |     5     0     |     5     1     |  
   6     1     |     6     1     |     6     0     |     6     1     |  
   7     0     |     7     0     |     7     0     |     7     17     |  
   8     0     |     8     0     |     8     0     |     8     6     |  
   9     0     |     9     0     |     9     0     |     9     6     |  
   10     1     |     10     1     |     10     0     |     10     1     |  
   11     0     |     11     0     |     11     0     |     11     19     |  
   12     0     |     12     0     |     12     0     |     12     4     |  
   13     0     |     13     0     |     13     0     |     13     13     |  
   14     1     |     14     1     |     14     0     |     14     1     |  
   15     1     |     15     1     |     15     0     |     15     1     |  
   16     1     |     16     1     |     16     0     |     16     1     |  
   17     0     |     17     0     |     17     0     |     17     18     |  
   18     0     |     18     0     |     18     0     |     18     9     |  
   19     0     |     19     0     |     19     0     |     19     9     |  
   20     0     |     20     0     |     20     0     |     20     9     |  
   21     0     |     21     0     |     21     0     |     21     20     |  
   22     1     |     22     1     |     22     0     |     22     1     |  
   23     0     |     23     0     |     23     1     |     23     2     |  
   24     1     |     24     1     |     24     0     |     24     1     |  
   25     1     |     25     1     |     25     0     |     25     1     |  
   26     1     |     26     1     |     26     0     |     26     1     |  
   27     0     |     27     0     |     27     0     |     27     14     |  
   28     0     |     28     0     |     28     0     |     28     3     |  
   29     1     |     29     1     |     29     0     |     29     1     |  
   30     1     |     30     1     |     30     0     |     30     1     |  
   31     0     |     31     0     |     31     0     |     31     11     |  
   32     1     |     32     1     |     32     0     |     32     1     |  
   33     0     |     33     0     |     33     1     |     33     2     |  
   34     1     |     34     1     |     34     0     |     34     1     |  
   35     0     |     35     0     |     35     0     |     35     17     |  
   36     0     |     36     0     |     36     0     |     36     7     |  
   37     0     |     37     0     |     37     0     |     37     15     |  
   38     1     |     38     1     |     38     0     |     38     1     |  
   39     1     |     39     1     |     39     0     |     39     1     |  
   40     1     |     40     1     |     40     0     |     40     1     |  
   41     1     |     41     1     |     41     0     |     41     1     |  
   42     1     |     42     1     |     42     0     |     42     1     |  
   43     1     |     43     1     |     43     0     |     43     1     |  
   44     1     |     44     1     |     44     0     |     44     1     |  
######################################################################

######################################################################
#   tipo de dados: Cross Validation com uso do boruta: 
######################################################################

 Acuracia:   0.8166666666666667
 F1:         0.8902526272530513
 Precision:  0.8468642775564972
 Recall:     0.9428571428571427
 ROC_AUC:    0.8409740259740259
 AUPR:       0.8439936026524781
 RMSE:       0.42026140019975555

######################################################################

######################################################################
#   tipo de dados: Cross Validation sem uso do boruta: 
######################################################################

 Acuracia:   0.8092592592592593
 F1:         0.8873343091547357
 Precision:  0.8325385910385912
 Recall:     0.9525974025974027
 ROC_AUC:    0.8347979797979799
 AUPR:       0.832406204906205
 RMSE:       0.42461093366464553

######################################################################

######################################################################
#   tipo de dados: Predição com uso do boruta: 
######################################################################

 Acuracia:   0.8461538461538461
 F1:         0.9027777777777778
 Precision:  0.9154929577464789
 Recall:     0.8904109589041096
 ROC_AUC:    0.7785388127853882
 AUPR:       0.9030770502890897
 RMSE:       0.3922322702763681

######################################################################

######################################################################
#   tipo de dados: Predição sem uso do boruta: 
######################################################################

 Acuracia:   0.8148148148148148
 F1:         0.8800000000000001
 Precision:  0.9322033898305084
 Recall:     0.8333333333333334
 ROC_AUC:    0.7833333333333334
 AUPR:       0.9126386273278928
 RMSE:       0.4303314829119352

######################################################################

