######################################################################
#   Database HCC: 
######################################################################
   Aceito:      | Suporta:      | Indeciso:     | Ranking: 
  1     0     |     1     0     |     1     0     |     1     10     |  
   2     1     |     2     1     |     2     0     |     2     1     |  
   3     0     |     3     0     |     3     0     |     3     9     |  
   4     1     |     4     1     |     4     0     |     4     1     |  
   5     0     |     5     0     |     5     0     |     5     3     |  
   6     0     |     6     0     |     6     1     |     6     2     |  
   7     1     |     7     1     |     7     0     |     7     1     |  
   8     0     |     8     0     |     8     0     |     8     12     |  
   9     1     |     9     1     |     9     0     |     9     1     |  
   10     1     |     10     1     |     10     0     |     10     1     |  
   11     0     |     11     0     |     11     1     |     11     2     |  
   12     0     |     12     0     |     12     0     |     12     10     |  
   13     1     |     13     1     |     13     0     |     13     1     |  
   14     0     |     14     0     |     14     0     |     14     8     |  
   15     0     |     15     0     |     15     0     |     15     5     |  
   16     0     |     16     0     |     16     0     |     16     3     |  
   17     0     |     17     0     |     17     0     |     17     7     |  
   18     1     |     18     1     |     18     0     |     18     1     |  
   19     1     |     19     1     |     19     0     |     19     1     |  
   20     0     |     20     0     |     20     0     |     20     3     |  
   21     1     |     21     1     |     21     0     |     21     1     |  
   22     1     |     22     1     |     22     0     |     22     1     |  
   23     0     |     23     0     |     23     0     |     23     5     |  
   24     1     |     24     1     |     24     0     |     24     1     |  
   25     1     |     25     1     |     25     0     |     25     1     |  
   26     1     |     26     1     |     26     0     |     26     1     |  
   27     1     |     27     1     |     27     0     |     27     1     |  
   28     1     |     28     1     |     28     0     |     28     1     |  
   29     1     |     29     1     |     29     0     |     29     1     |  
   30     1     |     30     1     |     30     0     |     30     1     |  
   31     1     |     31     1     |     31     0     |     31     1     |  
   32     1     |     32     1     |     32     0     |     32     1     |  
   33     1     |     33     1     |     33     0     |     33     1     |  
   34     1     |     34     1     |     34     0     |     34     1     |  
   35     1     |     35     1     |     35     0     |     35     1     |  
   36     1     |     36     1     |     36     0     |     36     1     |  
   37     1     |     37     1     |     37     0     |     37     1     |  
   38     1     |     38     1     |     38     0     |     38     1     |  
   39     1     |     39     1     |     39     0     |     39     1     |  
   40     1     |     40     1     |     40     0     |     40     1     |  
   41     1     |     41     1     |     41     0     |     41     1     |  
   42     1     |     42     1     |     42     0     |     42     1     |  
   43     1     |     43     1     |     43     0     |     43     1     |  
   44     1     |     44     1     |     44     0     |     44     1     |  
   45     1     |     45     1     |     45     0     |     45     1     |  
   46     1     |     46     1     |     46     0     |     46     1     |  
   47     1     |     47     1     |     47     0     |     47     1     |  
   48     1     |     48     1     |     48     0     |     48     1     |  
   49     1     |     49     1     |     49     0     |     49     1     |  
######################################################################

######################################################################
#   tipo de dados: Cross Validation com uso do boruta: 
######################################################################

 Acuracia:   0.7047794117647059
 F1:         0.7726158281078189
 Precision:  0.7335148185148186
 Recall:     0.8245454545454546
 ROC_AUC:    0.7837770562770563
 AUPR:       0.7167121114179938
 RMSE:       0.5357064319613938

######################################################################

######################################################################
#   tipo de dados: Cross Validation sem uso do boruta: 
######################################################################

 Acuracia:   0.7047794117647059
 F1:         0.7735355186384935
 Precision:  0.740027195027195
 Recall:     0.8154545454545457
 ROC_AUC:    0.7699134199134199
 AUPR:       0.7225880410439235
 RMSE:       0.533348086052241

######################################################################

######################################################################
#   tipo de dados: Predição com uso do boruta: 
######################################################################

 Acuracia:   0.8181818181818182
 F1:         0.861111111111111
 Precision:  0.8157894736842105
 Recall:     0.9117647058823529
 ROC_AUC:    0.7892156862745099
 AUPR:       0.7983535040810582
 RMSE:       0.4264014327112209

######################################################################

######################################################################
#   tipo de dados: Predição sem uso do boruta: 
######################################################################

 Acuracia:   0.74
 F1:         0.8115942028985509
 Precision:  0.717948717948718
 Recall:     0.9333333333333333
 ROC_AUC:    0.6916666666666667
 AUPR:       0.7100854700854702
 RMSE:       0.5099019513592785

######################################################################

