######################################################################
#   Database SPECTF Heart: 
######################################################################
   Aceito:      | Suporta:      | Indeciso:     | Ranking: 
  1     0     |     1     0     |     1     1     |     1     2     |  
   2     1     |     2     1     |     2     0     |     2     1     |  
   3     1     |     3     1     |     3     0     |     3     1     |  
   4     1     |     4     1     |     4     0     |     4     1     |  
   5     1     |     5     1     |     5     0     |     5     1     |  
   6     1     |     6     1     |     6     0     |     6     1     |  
   7     0     |     7     0     |     7     0     |     7     3     |  
   8     1     |     8     1     |     8     0     |     8     1     |  
   9     0     |     9     0     |     9     1     |     9     2     |  
   10     1     |     10     1     |     10     0     |     10     1     |  
   11     0     |     11     0     |     11     0     |     11     4     |  
   12     1     |     12     1     |     12     0     |     12     1     |  
   13     0     |     13     0     |     13     1     |     13     2     |  
   14     1     |     14     1     |     14     0     |     14     1     |  
   15     1     |     15     1     |     15     0     |     15     1     |  
   16     1     |     16     1     |     16     0     |     16     1     |  
   17     0     |     17     0     |     17     0     |     17     5     |  
   18     1     |     18     1     |     18     0     |     18     1     |  
   19     0     |     19     0     |     19     1     |     19     2     |  
   20     1     |     20     1     |     20     0     |     20     1     |  
   21     0     |     21     0     |     21     0     |     21     7     |  
   22     1     |     22     1     |     22     0     |     22     1     |  
   23     1     |     23     1     |     23     0     |     23     1     |  
   24     1     |     24     1     |     24     0     |     24     1     |  
   25     1     |     25     1     |     25     0     |     25     1     |  
   26     1     |     26     1     |     26     0     |     26     1     |  
   27     0     |     27     0     |     27     0     |     27     3     |  
   28     1     |     28     1     |     28     0     |     28     1     |  
   29     1     |     29     1     |     29     0     |     29     1     |  
   30     1     |     30     1     |     30     0     |     30     1     |  
   31     0     |     31     0     |     31     1     |     31     2     |  
   32     1     |     32     1     |     32     0     |     32     1     |  
   33     1     |     33     1     |     33     0     |     33     1     |  
   34     1     |     34     1     |     34     0     |     34     1     |  
   35     0     |     35     0     |     35     0     |     35     6     |  
   36     0     |     36     0     |     36     1     |     36     2     |  
   37     0     |     37     0     |     37     1     |     37     2     |  
   38     1     |     38     1     |     38     0     |     38     1     |  
   39     1     |     39     1     |     39     0     |     39     1     |  
   40     1     |     40     1     |     40     0     |     40     1     |  
   41     1     |     41     1     |     41     0     |     41     1     |  
   42     1     |     42     1     |     42     0     |     42     1     |  
   43     1     |     43     1     |     43     0     |     43     1     |  
   44     1     |     44     1     |     44     0     |     44     1     |  
######################################################################

######################################################################
#   tipo de dados: Cross Validation com uso do boruta: 
######################################################################

 Acuracia:   0.8319088319088319
 F1:         0.8989379266558558
 Precision:  0.8590107380542162
 Recall:     0.9478354978354979
 ROC_AUC:    0.8595815295815296
 AUPR:       0.8554316796614934
 RMSE:       0.399594460415094

######################################################################

######################################################################
#   tipo de dados: Cross Validation sem uso do boruta: 
######################################################################

 Acuracia:   0.8166666666666667
 F1:         0.8915306705469058
 Precision:  0.8409714037974908
 Recall:     0.9523809523809523
 ROC_AUC:    0.8249422799422799
 AUPR:       0.8385895539932807
 RMSE:       0.42236957530411756

######################################################################

######################################################################
#   tipo de dados: Predição com uso do boruta: 
######################################################################

 Acuracia:   0.8571428571428571
 F1:         0.9090909090909091
 Precision:  0.9285714285714286
 Recall:     0.8904109589041096
 ROC_AUC:    0.806316590563166
 AUPR:       0.9147222640373326
 RMSE:       0.3779644730092272

######################################################################

######################################################################
#   tipo de dados: Predição sem uso do boruta: 
######################################################################

 Acuracia:   0.8271604938271605
 F1:         0.8870967741935484
 Precision:  0.9482758620689655
 Recall:     0.8333333333333334
 ROC_AUC:    0.8166666666666668
 AUPR:       0.9260323541932737
 RMSE:       0.41573970964154905

######################################################################

